/*--------------------------------*- C++ -*----------------------------------*\
  =========                 |
  \\      /  F ield         | OpenFOAM: The Open Source CFD Toolbox
   \\    /   O peration     | Website:  https://openfoam.org
    \\  /    A nd           | Version:  dev
     \\/     M anipulation  |
\*---------------------------------------------------------------------------*/
FoamFile
{
    version     2.0;
    format      ascii;
    class       surfaceScalarField;
    location    "0";
    object      phi;
}
// * * * * * * * * * * * * * * * * * * * * * * * * * * * * * * * * * * * * * //

dimensions      [0 3 -1 0 0 0 0];

internalField   nonuniform List<scalar> 
760
(
0.00475
-0.00475
0.00475
-0.00425
0.00475
-0.00375
0.00475
-0.00325
0.00475
-0.00275
0.00475
-0.00225
0.00475
-0.00175
0.00475
-0.00125
0.00475
-0.00075
0.00475
-0.00025
0.00475
0.00025
0.00475
0.00075
0.00475
0.00125
0.00475
0.00175
0.00475
0.00225
0.00475
0.00275
0.00475
0.00325
0.00475
0.00375
0.00475
0.00425
0.00475
0.00425
-0.00475
0.00425
-0.00425
0.00425
-0.00375
0.00425
-0.00325
0.00425
-0.00275
0.00425
-0.00225
0.00425
-0.00175
0.00425
-0.00125
0.00425
-0.00075
0.00425
-0.00025
0.00425
0.00025
0.00425
0.00075
0.00425
0.00125
0.00425
0.00175
0.00425
0.00225
0.00425
0.00275
0.00425
0.00325
0.00425
0.00375
0.00425
0.00425
0.00475
0.00375
-0.00475
0.00375
-0.00425
0.00375
-0.00375
0.00375
-0.00325
0.00375
-0.00275
0.00375
-0.00225
0.00375
-0.00175
0.00375
-0.00125
0.00375
-0.00075
0.00375
-0.00025
0.00375
0.00025
0.00375
0.00075
0.00375
0.00125
0.00375
0.00175
0.00375
0.00225
0.00375
0.00275
0.00375
0.00325
0.00375
0.00375
0.00375
0.00425
0.00475
0.00325
-0.00475
0.00325
-0.00425
0.00325
-0.00375
0.00325
-0.00325
0.00325
-0.00275
0.00325
-0.00225
0.00325
-0.00175
0.00325
-0.00125
0.00325
-0.00075
0.00325
-0.00025
0.00325
0.00025
0.00325
0.00075
0.00325
0.00125
0.00325
0.00175
0.00325
0.00225
0.00325
0.00275
0.00325
0.00325
0.00325
0.00375
0.00325
0.00425
0.00475
0.00275
-0.00475
0.00275
-0.00425
0.00275
-0.00375
0.00275
-0.00325
0.00275
-0.00275
0.00275
-0.00225
0.00275
-0.00175
0.00275
-0.00125
0.00275
-0.00075
0.00275
-0.00025
0.00275
0.00025
0.00275
0.00075
0.00275
0.00125
0.00275
0.00175
0.00275
0.00225
0.00275
0.00275
0.00275
0.00325
0.00275
0.00375
0.00275
0.00425
0.00475
0.00225
-0.00475
0.00225
-0.00425
0.00225
-0.00375
0.00225
-0.00325
0.00225
-0.00275
0.00225
-0.00225
0.00225
-0.00175
0.00225
-0.00125
0.00225
-0.00075
0.00225
-0.00025
0.00225
0.00025
0.00225
0.00075
0.00225
0.00125
0.00225
0.00175
0.00225
0.00225
0.00225
0.00275
0.00225
0.00325
0.00225
0.00375
0.00225
0.00425
0.00475
0.00175
-0.00475
0.00175
-0.00425
0.00175
-0.00375
0.00175
-0.00325
0.00175
-0.00275
0.00175
-0.00225
0.00175
-0.00175
0.00175
-0.00125
0.00175
-0.00075
0.00175
-0.00025
0.00175
0.00025
0.00175
0.00075
0.00175
0.00125
0.00175
0.00175
0.00175
0.00225
0.00175
0.00275
0.00175
0.00325
0.00175
0.00375
0.00175
0.00425
0.00475
0.00125
-0.00475
0.00125
-0.00425
0.00125
-0.00375
0.00125
-0.00325
0.00125
-0.00275
0.00125
-0.00225
0.00125
-0.00175
0.00125
-0.00125
0.00125
-0.00075
0.00125
-0.00025
0.00125
0.00025
0.00125
0.00075
0.00125
0.00125
0.00125
0.00175
0.00125
0.00225
0.00125
0.00275
0.00125
0.00325
0.00125
0.00375
0.00125
0.00425
0.00475
0.00075
-0.00475
0.00075
-0.00425
0.00075
-0.00375
0.00075
-0.00325
0.00075
-0.00275
0.00075
-0.00225
0.00075
-0.00175
0.00075
-0.00125
0.00075
-0.00075
0.00075
-0.00025
0.00075
0.00025
0.00075
0.00075
0.00075
0.00125
0.00075
0.00175
0.00075
0.00225
0.00075
0.00275
0.00075
0.00325
0.00075
0.00375
0.00075
0.00425
0.00475
0.00025
-0.00475
0.00025
-0.00425
0.00025
-0.00375
0.00025
-0.00325
0.00025
-0.00275
0.00025
-0.00225
0.00025
-0.00175
0.00025
-0.00125
0.00025
-0.00075
0.00025
-0.00025
0.00025
0.00025
0.00025
0.00075
0.00025
0.00125
0.00025
0.00175
0.00025
0.00225
0.00025
0.00275
0.00025
0.00325
0.00025
0.00375
0.00025
0.00425
0.00475
-0.00025
-0.00475
-0.00025
-0.00425
-0.00025
-0.00375
-0.00025
-0.00325
-0.00025
-0.00275
-0.00025
-0.00225
-0.00025
-0.00175
-0.00025
-0.00125
-0.00025
-0.00075
-0.00025
-0.00025
-0.00025
0.00025
-0.00025
0.00075
-0.00025
0.00125
-0.00025
0.00175
-0.00025
0.00225
-0.00025
0.00275
-0.00025
0.00325
-0.00025
0.00375
-0.00025
0.00425
0.00475
-0.00075
-0.00475
-0.00075
-0.00425
-0.00075
-0.00375
-0.00075
-0.00325
-0.00075
-0.00275
-0.00075
-0.00225
-0.00075
-0.00175
-0.00075
-0.00125
-0.00075
-0.00075
-0.00075
-0.00025
-0.00075
0.00025
-0.00075
0.00075
-0.00075
0.00125
-0.00075
0.00175
-0.00075
0.00225
-0.00075
0.00275
-0.00075
0.00325
-0.00075
0.00375
-0.00075
0.00425
0.00475
-0.00125
-0.00475
-0.00125
-0.00425
-0.00125
-0.00375
-0.00125
-0.00325
-0.00125
-0.00275
-0.00125
-0.00225
-0.00125
-0.00175
-0.00125
-0.00125
-0.00125
-0.00075
-0.00125
-0.00025
-0.00125
0.00025
-0.00125
0.00075
-0.00125
0.00125
-0.00125
0.00175
-0.00125
0.00225
-0.00125
0.00275
-0.00125
0.00325
-0.00125
0.00375
-0.00125
0.00425
0.00475
-0.00175
-0.00475
-0.00175
-0.00425
-0.00175
-0.00375
-0.00175
-0.00325
-0.00175
-0.00275
-0.00175
-0.00225
-0.00175
-0.00175
-0.00175
-0.00125
-0.00175
-0.00075
-0.00175
-0.00025
-0.00175
0.00025
-0.00175
0.00075
-0.00175
0.00125
-0.00175
0.00175
-0.00175
0.00225
-0.00175
0.00275
-0.00175
0.00325
-0.00175
0.00375
-0.00175
0.00425
0.00475
-0.00225
-0.00475
-0.00225
-0.00425
-0.00225
-0.00375
-0.00225
-0.00325
-0.00225
-0.00275
-0.00225
-0.00225
-0.00225
-0.00175
-0.00225
-0.00125
-0.00225
-0.00075
-0.00225
-0.00025
-0.00225
0.00025
-0.00225
0.00075
-0.00225
0.00125
-0.00225
0.00175
-0.00225
0.00225
-0.00225
0.00275
-0.00225
0.00325
-0.00225
0.00375
-0.00225
0.00425
0.00475
-0.00275
-0.00475
-0.00275
-0.00425
-0.00275
-0.00375
-0.00275
-0.00325
-0.00275
-0.00275
-0.00275
-0.00225
-0.00275
-0.00175
-0.00275
-0.00125
-0.00275
-0.00075
-0.00275
-0.00025
-0.00275
0.00025
-0.00275
0.00075
-0.00275
0.00125
-0.00275
0.00175
-0.00275
0.00225
-0.00275
0.00275
-0.00275
0.00325
-0.00275
0.00375
-0.00275
0.00425
0.00475
-0.00325
-0.00475
-0.00325
-0.00425
-0.00325
-0.00375
-0.00325
-0.00325
-0.00325
-0.00275
-0.00325
-0.00225
-0.00325
-0.00175
-0.00325
-0.00125
-0.00325
-0.00075
-0.00325
-0.00025
-0.00325
0.00025
-0.00325
0.00075
-0.00325
0.00125
-0.00325
0.00175
-0.00325
0.00225
-0.00325
0.00275
-0.00325
0.00325
-0.00325
0.00375
-0.00325
0.00425
0.00475
-0.00375
-0.00475
-0.00375
-0.00425
-0.00375
-0.00375
-0.00375
-0.00325
-0.00375
-0.00275
-0.00375
-0.00225
-0.00375
-0.00175
-0.00375
-0.00125
-0.00375
-0.00075
-0.00375
-0.00025
-0.00375
0.00025
-0.00375
0.00075
-0.00375
0.00125
-0.00375
0.00175
-0.00375
0.00225
-0.00375
0.00275
-0.00375
0.00325
-0.00375
0.00375
-0.00375
0.00425
0.00475
-0.00425
-0.00475
-0.00425
-0.00425
-0.00425
-0.00375
-0.00425
-0.00325
-0.00425
-0.00275
-0.00425
-0.00225
-0.00425
-0.00175
-0.00425
-0.00125
-0.00425
-0.00075
-0.00425
-0.00025
-0.00425
0.00025
-0.00425
0.00075
-0.00425
0.00125
-0.00425
0.00175
-0.00425
0.00225
-0.00425
0.00275
-0.00425
0.00325
-0.00425
0.00375
-0.00425
0.00425
0.00475
-0.00475
-0.00475
-0.00475
-0.00475
-0.00475
-0.00475
-0.00475
-0.00475
-0.00475
-0.00475
-0.00475
-0.00475
-0.00475
-0.00475
-0.00475
-0.00475
-0.00475
-0.00475
-0.00475
)
;

boundaryField
{
    fixedWalls
    {
        type            fixedValue;
        value           uniform 0;
    }
    left
    {
        type            cyclic;
        value           nonuniform List<scalar> 
20
(
-0.00475
-0.00425
-0.00375
-0.00325
-0.00275
-0.00225
-0.00175
-0.00125
-0.00075
-0.00025
0.00025
0.00075
0.00125
0.00175
0.00225
0.00275
0.00325
0.00375
0.00425
0.00475
)
;
    }
    right
    {
        type            cyclic;
        value           nonuniform List<scalar> 
20
(
0.00475
0.00425
0.00375
0.00325
0.00275
0.00225
0.00175
0.00125
0.00075
0.00025
-0.00025
-0.00075
-0.00125
-0.00175
-0.00225
-0.00275
-0.00325
-0.00375
-0.00425
-0.00475
)
;
    }
    frontAndBack
    {
        type            empty;
        value           nonuniform 0();
    }
}


// ************************************************************************* //
